[131.1138, 45, 10],
[131.1138, 95, 6],
[131.1138, 135, 5],
[131.1138, 185, 3],
[131.1138, 225, 5],
[131.1138, 245, 3],
[131.1138, 275, 0],
[131.1138, 245, 1],
[131.1138, 135, 10],
[131.21748, 45, 10],
[131.21748, 95, 5],
[131.21748, 135, 5],
[131.21748, 205, 3],
[131.21748, 225, 3],
[131.21748, 235, 3],
[131.21748, 95, 5],
[131.35572, 45, 10],
[131.35572, 45, 10],
[131.35572, 45, 10],
[131.35572, 95, 5],
[131.35572, 135, 5],
[131.35572, 195, 5],
[131.35572, 210, 5],
[131.35572, 225, 5],
[131.35572, 135, 10],
[131.39892, 45, 10],
[131.39892, 95, 5],
[131.39892, 135, 5],
[131.39892, 185, 2],
[131.39892, 225, 3],
[131.39892, 240, 3],
[131.39892, 255, 2],
[131.39892, 135, 10],
[131.53716, 45, 5],
[131.53716, 75, 8],
[132.08184, 35, 10],
[132.09912, 95, 5],
[132.09912, 185, 1],
[132.09912, 205, 1],
[132.09912, 225, 1],
[132.12504, 135, 5],
[132.12504, 185, 1],
[132.32376, 45, 5],
[132.34104, 135, 5],
[132.34104, 185, 5],
[132.34104, 225, 1],
[132.38424, 45, 8],
[132.44472, 50, 8],
[132.48792, 135, 5],
[132.48792, 225, 3],
[132.48792, 275, 1],
[132.48792, 215, 7],
[132.48792, 215, 3],
[132.5052, 55, 3],
[132.52248, 45, 6],
[132.52248, 95, 5],
[132.52248, 135, 5],
[132.52248, 165, 3],
[132.5484, 45, 3],
[132.5484, 95, 5],
[132.5484, 135, 5],
[132.5484, 185, 3],
[132.5484, 225, 1],
[132.5484, 245, 1],
[132.5484, 255, 3],
[132.5484, 225, 3],
[132.64344, 95, 5],
[132.64344, 135, 5],
[132.64344, 175, 8],
[132.70392, 45, 15],
[132.70392, 135, 5],
[132.70392, 185, 3],
[132.70392, 225, 1],
[132.70392, 275, 0],
[132.72984, 45, 8],
[132.72984, 135, 5],
[132.72984, 185, 5],
[132.72984, 225, 3],
[132.72984, 245, 1],
[132.72984, 265, 1],
[132.72984, 275, 1],
[132.72984, 275, 0],
[132.72984, 205, 5],
[132.79032, 45, 10],
[132.79032, 135, 5],
[132.79032, 185, 5],
[132.79032, 225, 10],
[132.82488, 185, 10],
[132.82488, 185, 10],
[132.8508, 45, 8],
[132.8508, 135, 5],
[132.8508, 185, 3],
[132.8508, 225, 2],
[132.8508, 245, 10],
[132.86808, 155, 7],
[132.88536, 205, 10],
[132.88536, 205, 10],
[132.91128, 45, 7],
[132.91128, 135, 5],
[132.91128, 185, 3],
[132.91128, 225, 2],
[132.92856, 45, 11],
[132.92856, 135, 5],
[132.92856, 165, 5],
[132.92856, 225, 1],
[132.92856, 275, 1],
[132.92856, 295, 1],
[132.94584, 215, 10],
[132.97176, 45, 10],
[132.97176, 135, 5],
[132.97176, 185, 3],
[132.97176, 225, 2],
[132.97176, 275, 1],
[132.97176, 300, 1],
[132.97176, 315, 1],
[132.9804, 45, 10],
[132.9804, 135, 5],
[132.9804, 185, 3],
[132.9804, 225, 2],
[132.9804, 275, 1],
[132.9804, 300, 1],
[132.9804, 315, 1],
[133.00632, 45, 10],
[133.00632, 135, 5],
[133.00632, 225, 2],
[133.00632, 295, 1],
[133.00632, 230, 1],
[133.03224, 135, 5],
[133.09272, 135, 5],
[133.09272, 185, 5],
[133.09272, 225, 2],
[133.09272, 275, 1],
[133.09272, 225, 1],
[133.11864, 135, 5],
[133.11864, 185, 5],
[133.11864, 225, 5],
[133.11864, 275, 3],
[133.11864, 225, 5],
[133.11864, 245, 4],
[133.11864, 135, 5],
[133.11864, 185, 5],
[133.11864, 225, 5],
[133.11864, 275, 3],
[133.11864, 225, 5],
[133.11864, 245, 4],
[133.12728, 45, 10],
[133.12728, 135, 5],
[133.12728, 225, 3],
[133.12728, 225, 5],
[133.12728, 225, 3],
[133.12728, 225, 3],
[133.12728, 225, 1],
[133.12728, 225, 3],
[133.12728, 315, 3],
[133.16148, 45, 5],
[133.16148, 95, 5],
[133.16148, 135, 5],
[133.16148, 185, 5],
[133.16148, 225, 3],
[133.16148, 275, 3],
[133.16148, 275, 3],
[133.16148, 225, 1],
[133.16148, 225, 2],
[133.16148, 225, 3],
[133.1874, 45, 5],
[133.1874, 95, 5],
[133.1874, 135, 5],
[133.1874, 185, 3],
[133.1874, 225, 3],
[133.1874, 225, 23],
[133.21332, 45, 5],
[133.30836, 45, 5],
[133.30836, 95, 5],
[133.30836, 135, 5],
[133.30836, 185, 3],
[133.30836, 235, 1],
[133.30836, 285, 1],
[133.30836, 235, 1],
[133.30836, 185, 5],
[133.30836, 185, 5],
[133.33428, 45, 5],
[133.33428, 95, 5],
[133.33428, 135, 5],
[133.33428, 185, 3],
[133.33428, 225, 1],
[133.33428, 275, 1],
[133.33428, 275, 1],
[133.33428, 275, 1],
[133.33428, 275, 1],
[133.33428, 295, 1],
[133.33428, 225, 4],
[133.33428, 225, 2],
[133.33428, 225, 4],
[133.36884, 45, 10],
[133.36884, 135, 5],
[133.36884, 225, 2],
[133.36884, 190, 8],
[133.36884, 190, 6],
[133.36884, 190, 7],
[133.37748, 55, 10],
[133.37748, 80, 5],
[133.37748, 55, 10],
[133.37748, 80, 5],
[133.39476, 45, 5],
[133.39476, 95, 5],
[133.39476, 135, 5],
[133.39476, 225, 2],
[133.39476, 280, 1],
[133.39476, 280, 1],
[133.39476, 280, 1],
[133.39476, 280, 1],
[133.39476, 305, 1],
[133.39476, 235, 4],
[133.39476, 235, 3],
[133.39476, 235, 4],
[133.41204, 45, 5],
[133.41204, 45, 5],
[133.41204, 35, 2],
[133.41204, 45, 3],
[133.41204, 50, 5],
[133.41204, 75, 5],
[133.42932, 45, 5],
[133.42932, 135, 2],
[133.42932, 135, 5],
[133.42932, 185, 1],
[133.42932, 225, 1],
[133.42932, 275, 0],
[133.42932, 135, 1],
[133.42932, 225, 1],
[133.42932, 275, 1],
[133.42932, 195, 8],
[133.45524, 45, 5],
[133.45524, 135, 5],
[133.45524, 185, 3],
[133.45524, 225, 2],
[133.45524, 285, 1],
[133.45524, 285, 1],
[133.45524, 285, 1],
[133.45524, 285, 1],
[133.45524, 315, 1],
[133.45524, 245, 4],
[133.45524, 245, 4],
[133.45524, 245, 3],
[133.4898, 45, 5],
[133.4898, 135, 5],
[133.4898, 225, 1],
[133.4898, 205, 5],
[133.51572, 45, 5],
[133.51572, 135, 5],
[133.51572, 185, 5],
[133.51572, 225, 2],
[133.51572, 275, 1],
[133.51572, 290, 1],
[133.51572, 290, 1],
[133.51572, 290, 1],
[133.51572, 290, 1],
[133.51572, 325, 1],
[133.51572, 240, 4],
[133.51572, 240, 4],
[133.51572, 240, 2],
[133.55028, 45, 5],
[133.55028, 135, 5],
[133.55028, 225, 2],
[133.55028, 275, 1],
[133.55028, 205, 6],
[133.55028, 205, 6],
[133.55028, 205, 3],
[133.5762, 45, 5],
[133.5762, 135, 5],
[133.5762, 225, 3],
[133.5762, 295, 1],
[133.5762, 295, 1],
[133.5762, 295, 1],
[133.5762, 295, 1],
[133.5762, 335, 1],
[133.5762, 245, 5],
[133.5762, 245, 3],
[133.5762, 245, 2],
[133.61076, 135, 3],
[133.61076, 135, 1],
[133.61076, 225, 1],
[133.61076, 275, 1],
[133.61076, 205, 8],
[133.63668, 135, 5],
[133.63668, 225, 3],
[133.63668, 275, 1],
[133.63668, 300, 4],
[133.67988, 45, 5],
[133.67988, 135, 3],
[133.67988, 185, 5],
[133.67988, 225, 3],
[133.67988, 225, 2],
[133.7058, 45, 5],
[133.7058, 50, 5],
[133.7058, 55, 5],
[133.7058, 75, 5],
[133.7058, 100, 2],
[133.7058, 45, 5],
[133.7058, 135, 3],
[133.7058, 225, 2],
[133.7058, 225, 1],
[133.7058, 295, 1],
[133.7058, 295, 1],
[133.7058, 225, 1],
[133.7058, 135, 1],
[133.81812, 65, 8],
[133.81812, 135, 5],
[133.81812, 185, 5],
[133.81812, 225, 5],
[133.81812, 275, 2],
[133.85268, 135, 5],
[133.85268, 185, 8],
[133.85268, 185, 7],
[133.85268, 185, 5],
[133.85268, 85, 6],
[133.85268, 85, 6],
[133.86132, 135, 5],
[133.86132, 185, 8],
[133.86132, 185, 7],
[133.86132, 185, 5],
[133.86132, 85, 6],
[133.86132, 85, 6],
[133.8786, 165, 10],
[133.8786, 185, 5],
[133.8786, 225, 3],
[133.8786, 275, 1],
[133.8786, 285, 4],
[133.8786, 245, 4],
[133.8786, 245, 3],
[133.8786, 245, 3],
[133.8786, 85, 7],
[133.8786, 85, 7],
[133.90452, 115, 5],
[133.90452, 135, 5],
[133.90452, 185, 10],
[133.90452, 185, 6],
[133.90452, 185, 7],
[133.90452, 85, 8],
[133.90452, 85, 8],
[133.91316, 115, 5],
[133.91316, 135, 5],
[133.91316, 185, 10],
[133.91316, 185, 6],
[133.91316, 185, 7],
[133.91316, 85, 8],
[133.91316, 85, 8],
[133.9218, 115, 5],
[133.9218, 135, 5],
[133.9218, 185, 10],
[133.9218, 185, 6],
[133.9218, 185, 7],
[133.9218, 85, 8],
[133.9218, 85, 8],
[133.93908, 45, 7],
[133.93908, 135, 5],
[133.93908, 185, 5],
[133.93908, 225, 3],
[133.93908, 275, 1],
[133.93908, 295, 1],
[133.93908, 295, 1],
[133.93908, 295, 1],
[133.93908, 295, 1],
[133.93908, 295, 1],
[133.93908, 245, 5],
[133.93908, 245, 3],
[133.93908, 245, 3],
[133.965, 95, 5],
[133.965, 135, 3],
[133.965, 185, 1],
[133.965, 195, 7],
[133.965, 195, 6],
[133.965, 195, 6],
[133.965, 85, 6],
[133.965, 85, 6],
[133.965, 85, 6],
[133.99956, 45, 7],
[133.99956, 135, 5],
[133.99956, 185, 5],
[133.99956, 225, 3],
[133.99956, 275, 1],
[133.99956, 305, 4],
[133.99956, 250, 4],
[133.99956, 250, 3],
[133.99956, 250, 3],
[133.99956, 85, 7],
[134.02548, 65, 8],
[134.02548, 65, 8],
[134.06004, 95, 5],
[134.06004, 135, 5],
[134.06004, 185, 5],
[134.06004, 225, 3],
[134.06004, 275, 1],
[134.06004, 315, 1],
[134.06004, 315, 1],
[134.06004, 315, 1],
[134.06004, 315, 1],
[134.06004, 315, 2],
[134.06004, 250, 1],
[134.06004, 65, 8],
[134.06004, 65, 3],
[134.12052, 135, 5],
[134.12052, 185, 5],
[134.12052, 225, 3],
[134.12052, 275, 1],
[134.12052, 320, 1],
[134.12052, 320, 1],
[134.12052, 320, 1],
[134.12052, 320, 1],
[134.12052, 320, 1],
[134.12052, 320, 2],
[134.181, 45, 5],
[134.181, 135, 8],
[134.181, 185, 5],
[134.181, 225, 3],
[134.181, 275, 1],
[134.181, 325, 1],
[134.181, 325, 1],
[134.181, 325, 1],
[134.181, 325, 1],
[134.20692, 95, 5],
[134.20692, 135, 5],
[134.20692, 185, 5],
[134.20692, 225, 5],
[134.20692, 225, 5],
[134.20692, 225, 1],
[134.24148, 45, 5],
[134.24148, 135, 5],
[134.24148, 225, 5],
[134.24148, 275, 1],
[134.24148, 315, 1],
[134.24148, 330, 1],
[134.24148, 330, 1],
[134.24148, 330, 1],
[134.24148, 330, 1],
[134.24148, 265, 1],
[134.24148, 45, 5],
[134.24148, 135, 5],
[134.24148, 225, 5],
[134.24148, 275, 1],
[134.24148, 315, 1],
[134.24148, 330, 1],
[134.24148, 330, 1],
[134.24148, 330, 1],
[134.24148, 330, 1],
[134.24148, 265, 1],
[134.2674, 225, 5],
[134.2674, 225, 5],
[134.30196, 135, 5],
[134.30196, 225, 3],
[134.30196, 275, 1],
[134.30196, 315, 1],
[134.30196, 335, 1],
[134.30196, 335, 1],
[134.30196, 335, 1],
[134.30196, 335, 1],
[134.30196, 225, 4],
[134.30196, 225, 4],
[134.30196, 225, 3],
[134.32788, 135, 3],
[134.32788, 185, 3],
[134.32788, 225, 8],
[134.32788, 225, 7],
[134.32788, 225, 5],
[134.36244, 45, 5],
[134.36244, 135, 5],
[134.36244, 135, 5],
[134.36244, 185, 3],
[134.36244, 225, 3],
[134.36244, 275, 1],
[134.36244, 315, 1],
[134.36244, 340, 1],
[134.36244, 340, 0],
[134.36244, 275, 1],
[134.36244, 45, 5],
[134.36244, 135, 5],
[134.36244, 135, 5],
[134.36244, 185, 3],
[134.36244, 225, 3],
[134.36244, 275, 1],
[134.36244, 315, 1],
[134.36244, 340, 1],
[134.36244, 340, 0],
[134.36244, 275, 1],
[134.37108, 45, 5],
[134.37108, 135, 5],
[134.37108, 135, 5],
[134.37108, 185, 3],
[134.37108, 225, 3],
[134.37108, 275, 1],
[134.37108, 315, 1],
[134.37108, 340, 1],
[134.37108, 340, 0],
[134.37108, 275, 1],
[134.37108, 45, 5],
[134.37108, 135, 5],
[134.37108, 135, 5],
[134.37108, 185, 3],
[134.37108, 225, 3],
[134.37108, 275, 1],
[134.37108, 315, 1],
[134.37108, 340, 1],
[134.37108, 340, 0],
[134.37108, 275, 1],
[134.38836, 135, 3],
[134.38836, 185, 3],
[134.38836, 225, 1],
[134.38836, 225, 1],
[134.38836, 155, 10],
[134.42292, 45, 5],
[134.42292, 135, 5],
[134.42292, 185, 3],
[134.42292, 225, 2],
[134.42292, 275, 1],
[134.42292, 245, 5],
[134.44884, 225, 5],
[134.4834, 45, 10],
[134.4834, 135, 5],
[134.4834, 185, 5],
[134.4834, 225, 3],
[134.4834, 295, 1],
[134.4834, 255, 5],
[134.50932, 45, 6],
[134.50932, 135, 5],
[134.50932, 135, 3],
[134.50932, 135, 3],
[134.50932, 185, 3],
[134.50932, 225, 5],
[134.50932, 225, 5],
[134.50932, 225, 5],
[134.50932, 225, 1],
[134.54388, 135, 3],
[134.54388, 135, 3],
[134.54388, 185, 3],
[134.54388, 225, 3],
[134.54388, 275, 1],
[134.54388, 260, 5],
[134.5698, 135, 5],
[134.5698, 185, 3],
[134.5698, 225, 1],
[134.5698, 225, 6],
[134.5698, 225, 5],
[134.5698, 225, 6],
[134.57844, 135, 5],
[134.57844, 185, 3],
[134.57844, 225, 1],
[134.57844, 225, 6],
[134.57844, 225, 5],
[134.57844, 225, 6],
[134.60436, 135, 5],
[134.60436, 135, 3],
[134.60436, 185, 5],
[134.60436, 225, 3],
[134.60436, 295, 1],
[134.60436, 265, 5],
[134.60436, 135, 5],
[134.60436, 135, 3],
[134.60436, 185, 5],
[134.60436, 225, 3],
[134.60436, 295, 1],
[134.60436, 265, 5],
[134.66484, 45, 10],
[134.66484, 135, 5],
[134.66484, 185, 5],
[134.66484, 225, 3],
[134.66484, 275, 1],
[134.66484, 315, 1],
[134.66484, 270, 3],
[134.66484, 270, 2],
[134.66484, 270, 1],
[134.72532, 45, 5],
[134.72532, 135, 5],
[134.72532, 185, 3],
[134.72532, 225, 3],
[134.72532, 275, 1],
[134.72532, 315, 1],
[134.72532, 275, 3],
[134.75124, 135, 5],
[134.75124, 185, 3],
[134.75124, 185, 3],
[134.7858, 45, 10],
[134.7858, 135, 5],
[134.7858, 185, 3],
[134.7858, 185, 3],
[134.7858, 225, 3],
[134.7858, 245, 1],
[134.7858, 265, 1],
[134.7858, 275, 3],
[134.81172, 135, 5],
[134.81172, 185, 1],
[134.81172, 225, 1],
[134.81172, 185, 5],
[134.81172, 185, 5],
[134.81172, 185, 3],
[134.81172, 225, 1],
[134.82036, 135, 5],
[134.82036, 185, 1],
[134.82036, 225, 1],
[134.82036, 185, 5],
[134.82036, 185, 5],
[134.82036, 185, 3],
[134.82036, 225, 1],
[134.84628, 135, 5],
[134.84628, 185, 3],
[134.84628, 225, 3],
[134.84628, 255, 1],
[134.8722, 135, 5],
[134.8722, 185, 3],
[134.8722, 225, 2],
[134.8722, 275, 1],
[134.8722, 185, 5],
[134.8722, 185, 5],
[134.8722, 185, 3],
[134.8722, 65, 5],
[134.99316, 135, 12],
[134.99316, 135, 10],
[134.99316, 135, 8],
[135.0882, 135, 5],
[135.0882, 135, 5],
[135.0882, 165, 12],
[135.0882, 165, 10],
[135.0882, 165, 9],
[135.0882, 165, 6],
[135.09684, 135, 5],
[135.09684, 135, 5],
[135.09684, 165, 12],
[135.09684, 165, 10],
[135.09684, 165, 9],
[135.09684, 165, 6],
[135.09684, 135, 5],
[135.09684, 135, 5],
[135.09684, 185, 5],
[135.19188, 135, 5],
[135.19188, 185, 3],
[135.19188, 225, 1],
[135.19188, 275, 1],
[135.19188, 275, 1],
[135.19188, 275, 1],
[135.19188, 135, 5],
[135.19188, 185, 3],
[135.19188, 225, 1],
[135.19188, 275, 1],
[135.19188, 275, 1],
[135.19188, 275, 1],
[135.20952, 135, 5],
[135.20952, 185, 3],
[135.20952, 225, 1],
[135.20952, 275, 1],
[135.20952, 175, 12],
[135.20952, 175, 10],
[135.20952, 175, 9],
[135.20952, 175, 7],
[135.23544, 135, 5],
[135.23544, 185, 1],
[135.23544, 225, 1],
[135.23544, 155, 6],
[135.23544, 155, 1],
[135.27, 135, 5],
[135.27, 185, 3],
[135.27, 225, 1],
[135.27, 275, 1],
[135.27, 295, 1],
[135.27, 185, 12],
[135.27, 185, 10],
[135.27, 185, 6],
[135.27, 185, 6],
[135.29592, 135, 3],
[135.29592, 225, 1],
[135.29592, 275, 1],
[135.29592, 185, 10],
[135.29592, 185, 8],
[135.29592, 185, 7],
[135.29592, 185, 6],
[135.32184, 135, 5],
[135.32184, 185, 3],
[135.32184, 225, 1],
[135.32184, 275, 1],
[135.32184, 295, 1],
[135.32184, 195, 12],
[135.32184, 195, 10],
[135.32184, 195, 8],
[135.32184, 195, 6],
[135.34776, 135, 5],
[135.34776, 225, 1],
[135.34776, 275, 1],
[135.34776, 195, 10],
[135.34776, 195, 9],
[135.34776, 195, 7],
[135.34776, 195, 5],
[135.39096, 135, 5],
[135.39096, 135, 5],
[135.39096, 185, 3],
[135.39096, 225, 1],
[135.39096, 275, 1],
[135.39096, 295, 1],
[135.39096, 315, 1],
[135.39096, 205, 11],
[135.39096, 205, 8],
[135.39096, 205, 8],
[135.39096, 205, 3],
[135.41688, 135, 5],
[135.41688, 185, 3],
[135.41688, 225, 1],
[135.42552, 135, 5],
[135.42552, 185, 3],
[135.42552, 225, 1],
[135.45144, 135, 3],
[135.45144, 135, 5],
[135.45144, 185, 3],
[135.45144, 225, 1],
[135.45144, 275, 1],
[135.45144, 295, 1],
[135.45144, 315, 1],
[135.45144, 215, 12],
[135.45144, 215, 10],
[135.45144, 215, 8],
[135.45144, 215, 6],
[135.46008, 135, 3],
[135.46008, 135, 5],
[135.46008, 185, 3],
[135.46008, 225, 1],
[135.46008, 275, 1],
[135.46008, 295, 1],
[135.46008, 315, 1],
[135.46008, 215, 12],
[135.46008, 215, 10],
[135.46008, 215, 8],
[135.46008, 215, 6],
[135.47736, 135, 3],
[135.47736, 225, 3],
[135.47736, 275, 1],
[135.47736, 215, 1],
[135.47736, 215, 5],
[135.47736, 135, 3],
[135.47736, 225, 3],
[135.47736, 275, 1],
[135.47736, 215, 1],
[135.47736, 215, 5],
[135.51192, 135, 5],
[135.51192, 135, 5],
[135.51192, 185, 3],
[135.51192, 225, 1],
[135.51192, 275, 1],
[135.51192, 295, 1],
[135.51192, 315, 1],
[135.51192, 335, 1],
[135.51192, 225, 12],
[135.51192, 225, 10],
[135.51192, 225, 8],
[135.51192, 225, 6],
[135.55512, 135, 5],
[135.55512, 185, 3],
[135.55512, 225, 1],
[135.55512, 275, 1],
[135.55512, 315, 1],
[135.55512, 345, 1],
[135.69336, 135, 5],
[135.69336, 185, 3],
[135.69336, 225, 3],
[135.69336, 275, 3],
[135.69336, 315, 2],
[135.69336, 335, 1],
[135.69336, 235, 10],
[135.69336, 235, 9],
[135.69336, 235, 7],
[135.69336, 235, 4],
[135.72792, 135, 1],
[135.72792, 225, 1],
[135.73656, 235, 4],
[135.73656, 135, 1],
[135.73656, 225, 1],
[135.75384, 135, 5],
[135.77976, 135, 5],
[135.77976, 135, 5],
[135.77976, 225, 3],
[135.77976, 315, 1],
[135.77976, 275, 1],
[135.7884, 135, 5],
[135.7884, 225, 3],
[135.7884, 315, 1],
[135.7884, 275, 1],
[135.85752, 135, 3],
[135.85752, 135, 3],
[135.85752, 135, 3],
[135.85752, 135, 3],
[135.85752, 225, 1],
[135.85752, 275, 1],
[135.85752, 315, 1],
[135.85752, 275, 5],
[135.85752, 275, 3],
[135.85752, 275, 3],
[135.8748, 135, 5],
[135.8748, 225, 3],
[135.8748, 275, 1],
[135.8748, 315, 1],
[135.8748, 245, 6],
[135.8748, 135, 5],
[135.8748, 225, 3],
[135.8748, 275, 1],
[135.8748, 315, 1],
[135.8748, 245, 6],
[135.93528, 135, 3],
[135.93528, 225, 3],
[135.93528, 275, 1],
[135.93528, 315, 1],
[135.93528, 275, 5],
[135.93528, 275, 5],
[135.93528, 275, 5],
[135.93528, 275, 3],
[135.93528, 315, 1],
[135.94392, 275, 3],
[135.94392, 315, 1],
[135.99576, 135, 3],
[135.99576, 225, 3],
[135.99576, 275, 1],
[135.99576, 315, 1],
[135.99576, 335, 1],
[135.99576, 275, 6],
[135.99576, 275, 5],
[135.99576, 275, 6],
[135.99576, 275, 5],
[136.0044, 275, 5],
[136.14264, 135, 3],
[136.14264, 225, 3],
[136.14264, 275, 1],
[136.14264, 295, 1],
[136.14264, 315, 1],
[136.14264, 300, 3],
[136.14264, 300, 3],
[136.1772, 135, 3],
[136.1772, 225, 3],
[136.1772, 275, 1],
[136.1772, 315, 1],
[136.1772, 275, 8],
[136.1772, 275, 7],
[136.1772, 275, 6],
[136.1772, 275, 6],
[136.20312, 135, 3],
[136.20312, 225, 1],
[136.20312, 275, 1],
[136.20312, 320, 1],
[136.20312, 300, 3],
[136.20312, 300, 3],
[136.23768, 135, 3],
[136.23768, 225, 3],
[136.23768, 275, 1],
[136.23768, 315, 1],
[136.23768, 275, 9],
[136.23768, 275, 9],
[136.23768, 275, 6],
[136.23768, 275, 6],
[136.24632, 275, 6],
[136.2636, 135, 3],
[136.2636, 225, 3],
[136.2636, 275, 1],
[136.2636, 325, 1],
[136.2636, 305, 3],
[136.2636, 305, 3],
[136.32372, 135, 3],
[136.32372, 225, 3],
[136.32372, 275, 1],
[136.32372, 335, 1],
[136.32372, 310, 3],
[136.32372, 310, 3],
[136.35828, 135, 3],
[136.35828, 225, 3],
[136.35828, 275, 1],
[136.35828, 315, 1],
[136.35828, 280, 10],
[136.35828, 280, 9],
[136.35828, 280, 7],
[136.35828, 280, 5],
[136.3842, 135, 3],
[136.3842, 225, 3],
[136.3842, 275, 1],
[136.3842, 315, 1],
[136.3842, 340, 1],
[136.3842, 315, 3],
[136.3842, 315, 3],
[136.41876, 135, 3],
[136.41876, 225, 3],
[136.41876, 275, 1],
[136.41876, 325, 1],
[136.41876, 285, 5],
[136.41876, 285, 5],
[136.41876, 285, 5],
[136.41876, 285, 1],
[136.44468, 135, 3],
[136.44468, 225, 3],
[136.44468, 275, 1],
[136.44468, 315, 1],
[136.44468, 355, 1],
[136.44468, 315, 3],
[136.44468, 315, 3],
[136.45332, 355, 1],
[136.47924, 135, 3],
[136.47924, 225, 3],
[136.47924, 275, 1],
[136.47924, 325, 1],
[136.47924, 285, 6],
[136.47924, 285, 6],
[136.47924, 285, 5],
[136.47924, 285, 5],
[136.50516, 135, 3],
[136.50516, 225, 3],
[136.50516, 275, 1],
[136.50516, 315, 1],
[136.50516, 355, 1],
[136.50516, 315, 3],
[136.50516, 315, 3],
[136.53972, 135, 3],
[136.53972, 225, 4],
[136.53972, 275, 1],
[136.53972, 325, 1],
[136.53972, 285, 7],
[136.53972, 285, 7],
[136.53972, 285, 6],
[136.53972, 285, 6],
[136.53972, 285, 5],
[136.56564, 135, 3],
[136.56564, 225, 3],
[136.56564, 275, 1],
[136.56564, 315, 1],
[136.56564, 360, 1],
[136.56564, 320, 3],
[136.56564, 320, 3],
[136.57428, 320, 3],
[136.60884, 135, 3],
[136.60884, 225, 3],
[136.60884, 275, 1],
[136.60884, 325, 1],
[136.60884, 285, 7],
[136.60884, 285, 6],
[136.60884, 285, 5],
[136.60884, 285, 3],
[136.66068, 135, 3],
[136.66068, 225, 3],
[136.66068, 275, 1],
[136.66068, 325, 1],
[136.66068, 285, 15],
[136.66932, 135, 3],
[136.66932, 225, 3],
[136.66932, 275, 1],
[136.66932, 325, 1],
[136.66932, 285, 15],
[136.6866, 135, 3],
[136.6866, 225, 3],
[136.6866, 275, 1],
[136.6866, 315, 1],
[136.6866, 365, 1],
[136.6866, 325, 3],
[136.6866, 325, 3],
[136.72116, 135, 3],
[136.72116, 225, 3],
[136.72116, 275, 1],
[136.72116, 325, 1],
[136.72116, 285, 6],
[136.72116, 285, 8],
[136.72116, 285, 6],
[136.72116, 285, 5],
[136.74708, 135, 3],
[136.74708, 225, 3],
[136.74708, 275, 1],
[136.74708, 315, 1],
[136.74708, 375, 1],
[136.74708, 330, 3],
[136.74708, 330, 3],
[136.78164, 135, 3],
[136.78164, 225, 3],
[136.78164, 275, 1],
[136.78164, 325, 1],
[136.78164, 225, 10],
[136.80756, 135, 5],
[136.80756, 225, 3],
[136.80756, 275, 1],
[136.80756, 315, 1],
[136.80756, 355, 1],
[136.80756, 385, 1],
[136.80756, 340, 3],
[136.80756, 340, 3],
[136.88532, 315, 1],
[136.88532, 355, 1],
[136.88532, 385, 1],
[136.88532, 340, 3],
[136.88532, 340, 3],
[136.91988, 135, 3],
[136.91988, 225, 3],
[136.91988, 275, 1],
[136.91988, 315, 1],
[136.91988, 365, 1],
[136.91988, 395, 1],
[136.91988, 345, 3],
[136.93716, 50, 5],
[136.93716, 75, 5],
[136.96308, 50, 5],
[136.96308, 75, 5],
[136.96308, 135, 3],
[136.96308, 225, 3],
[136.96308, 275, 1],
[136.96308, 315, 1],
[136.96308, 345, 1],
[136.96308, 295, 5],
[136.96308, 295, 5],
[136.96308, 295, 3],
[136.96308, 295, 2],
[137.04948, 135, 5],
[137.04948, 225, 3],
[137.04948, 275, 1],
[137.04948, 315, 1],
[137.04948, 365, 1],
[137.04948, 410, 1],
[137.04948, 315, 1],
[137.14452, 135, 5],
[137.14452, 225, 3],
[137.14452, 275, 1],
[137.14452, 325, 1],
[137.14452, 295, 5],
[137.14452, 295, 3],
[137.14452, 295, 3],
[137.205, 45, 1],
[137.205, 135, 5],
[137.205, 185, 5],
[137.205, 225, 5],
[137.205, 275, 3],
[137.205, 315, 1],
[137.205, 315, 1],
[137.205, 315, 1],
[137.205, 315, 1],
[137.205, 315, 1],
[137.205, 225, 2],
[137.205, 225, 2],
[137.205, 225, 2],
[137.205, 225, 2],
[137.205, 225, 2],
[137.205, 225, 2],
[137.205, 225, 2],
[137.205, 225, 2],
[137.205, 225, 2],
[137.205, 225, 2],
[137.205, 275, 3],
[137.205, 275, 3],
[137.205, 135, 3],
[137.205, 135, 3],
[137.205, 135, 3],
[137.205, 45, 1],
[137.205, 135, 5],
[137.205, 185, 5],
[137.205, 225, 5],
[137.205, 275, 3],
[137.205, 315, 1],
[137.205, 315, 1],
[137.205, 315, 1],
[137.205, 315, 1],
[137.205, 315, 1],
[137.205, 225, 2],
[137.205, 225, 2],
[137.205, 225, 2],
[137.205, 225, 2],
[137.205, 225, 2],
[137.205, 225, 2],
[137.205, 225, 2],
[137.205, 225, 2],
[137.205, 225, 2],
[137.205, 225, 2],
[137.205, 275, 3],
[137.205, 275, 3],
[137.205, 135, 3],
[137.205, 135, 3],
[137.205, 135, 3],
[137.28276, 135, 3],
[137.28276, 225, 3],
[137.28276, 225, 3],
[137.28276, 275, 1],
[137.28276, 315, 1],
[137.28276, 335, 1],
[137.28276, 365, 1],
[137.28276, 385, 1],
[137.3346, 135, 3],
[137.3346, 225, 2],
[137.3346, 315, 1],
[137.3346, 365, 1],
[137.3346, 385, 1],
[137.3346, 405, 1],
[137.35188, 135, 3],
[137.35188, 225, 2],
[137.35188, 315, 1],
[137.35188, 365, 1],
[137.35188, 385, 1],
[137.35188, 405, 1],
[137.36916, 135, 2],
[137.36916, 225, 2],
[137.36916, 275, 1],
[137.36916, 315, 1],
[137.36916, 365, 1],
[137.36916, 395, 1],
[137.51604, 135, 3],
[137.51604, 225, 3],
[137.51604, 275, 3],
[137.51604, 275, 3],
[137.51604, 275, 3],
[137.51604, 275, 3],
[137.51604, 275, 3],
[137.53332, 45, 3],
[137.53332, 135, 3],
[137.53332, 185, 3],
[137.53332, 225, 1],
[137.53332, 275, 0],
[137.53332, 315, 1],
[137.53332, 350, 1],
[137.53332, 385, 1],
[137.57652, 135, 3],
[137.57652, 185, 3],
[137.57652, 225, 1],
[137.57652, 225, 1],
[137.57652, 275, 1],
[137.57652, 315, 1],
[137.57652, 365, 1],
[137.57652, 405, 1],
[137.57652, 295, 1],
[137.57652, 295, 2],
[137.57652, 295, 1],
[137.637, 135, 5],
[137.637, 225, 5],
[137.637, 275, 1],
[137.637, 315, 1],
[137.637, 365, 1],
[137.637, 315, 1],
[137.637, 225, 1],
[137.69748, 135, 3],
[137.69748, 225, 3],
[137.69748, 315, 1],
[137.69748, 365, 1],
[137.69748, 315, 3],
[137.74068, 135, 3],
[137.74068, 225, 3],
[137.74068, 315, 1],
[137.74068, 365, 1],
[137.74068, 405, 1],
[137.74068, 405, 1],
[137.74068, 405, 1],
[137.78388, 135, 3],
[137.78388, 225, 3],
[137.78388, 315, 1],
[137.78388, 365, 1],
[137.78388, 405, 1],
[137.78388, 405, 1],
[137.78388, 405, 1],
[137.853, 210, 1],
[137.853, 310, 1],
[137.853, 360, 1],
[137.853, 390, 1],
[137.853, 450, 0],
[137.853, 450, 1],
[137.94804, 135, 3],
[137.94804, 225, 3],
[137.94804, 275, 1],
[137.94804, 275, 1],
[137.94804, 315, 1],
[137.94804, 365, 1],
[137.94804, 315, 3],
[137.94804, 315, 1],
[137.94804, 315, 1],
[137.97396, 135, 3],
[137.97396, 225, 3],
[137.97396, 315, 1],
[137.97396, 365, 1],
[137.97396, 405, 1],
[138.09492, 135, 5],
[138.09492, 225, 2],
[138.09492, 275, 1],
[138.09492, 315, 1],
[138.09492, 365, 1],
[138.1986, 135, 1],
[138.1986, 225, 1],
[138.1986, 315, 1],
[138.1986, 365, 1],
[138.1986, 405, 1],
[138.25908, 135, 1],
[138.25908, 225, 1],
[138.25908, 315, 1],
[138.25908, 365, 1],
[138.25908, 405, 1],
[138.25908, 415, 1],
[138.29364, 135, 3],
[138.29364, 225, 1],
[138.29364, 315, 1],
[138.29364, 315, 1],
[138.29364, 365, 1],
[138.29364, 365, 1],
[138.29364, 315, 1],
[138.35448, 135, 5],
[138.35448, 225, 1],
[138.35448, 315, 1],
[138.35448, 365, 1],
[138.35448, 405, 1],
[138.35448, 315, 5],
[138.35448, 315, 3],
[138.3804, 90, 5],
[138.3804, 180, 5],
[138.3804, 270, 10],
[138.3804, 270, 10],
[138.4668, 135, 1],
[138.4668, 225, 1],
[138.4668, 315, 1],
[138.4668, 405, 1],
[138.4668, 435, 1],
[138.4668, 90, 5],
[138.4668, 180, 5],
[138.4668, 270, 10],
[138.4668, 270, 10],
[138.5964, 135, 1],
[138.5964, 135, 3],
[138.5964, 225, 1],
[138.5964, 225, 1],
[138.5964, 225, 1],
[138.5964, 225, 1],
[138.5964, 225, 2],
[138.5964, 315, 1],
[138.5964, 315, 1],
[138.5964, 315, 1],
[138.5964, 315, 1],
[138.5964, 315, 2],
[138.5964, 365, 1],
[138.5964, 225, 5],
[138.5964, 135, 5],
[138.5964, 135, 5],
[138.5964, 135, 5],
[138.65688, 135, 1],
[138.65688, 225, 1],
[138.65688, 315, 1],
[138.65688, 365, 1],
[138.65688, 315, 1],
[138.65688, 315, 1],
[138.65688, 315, 1],
[138.65688, 225, 5],
[138.65688, 225, 5],
[138.65688, 225, 5],
[138.65688, 145, 3],
[138.65688, 145, 3],
[138.65688, 145, 3],
[138.6828, 45, 10],
[138.82968, 135, 5],
[138.82968, 225, 3],
[138.82968, 315, 1],
[138.82968, 365, 1],
[138.82968, 405, 1],
[138.82968, 325, 2],
[138.82968, 325, 3],
[138.86424, 135, 5],
[138.86424, 135, 2],
[138.86424, 225, 7],
[138.86424, 225, 7],
[138.86424, 225, 6],
[138.86424, 135, 5],
[138.86424, 135, 3],
[138.86424, 135, 3],
[138.87288, 135, 5],
[138.87288, 135, 2],
[138.87288, 225, 7],
[138.87288, 225, 7],
[138.87288, 225, 6],
[138.87288, 135, 5],
[138.87288, 135, 3],
[138.87288, 135, 3],
[138.87288, 135, 5],
[138.87288, 135, 2],
[138.87288, 225, 7],
[138.87288, 225, 7],
[138.87288, 225, 6],
[138.87288, 135, 5],
[138.87288, 135, 3],
[138.87288, 135, 3],
[138.91608, 135, 5],
[138.91608, 225, 5],
[138.91608, 315, 1],
[138.91608, 365, 1],
[138.91608, 410, 1],
[138.91608, 330, 2],
[138.91608, 330, 1],
[139.01976, 135, 5],
[139.01976, 225, 3],
[139.01976, 315, 1],
[139.0284, 135, 5],
[139.0284, 225, 3],
[139.0284, 315, 1],
[139.0284, 135, 5],
[139.0284, 225, 3],
[139.0284, 315, 1],
[139.21848, 135, 3],
[139.21848, 225, 1],
[139.21848, 225, 1],
[139.21848, 225, 6],
[139.21848, 225, 4],
[139.33944, 135, 5],
[139.33944, 185, 5],
[139.33944, 225, 5],
[139.33944, 225, 5],
[139.33944, 225, 5],
[139.374, 135, 5],
[139.374, 185, 5],
[139.374, 235, 5],
[139.374, 235, 5],
[139.374, 235, 5],
[139.39992, 135, 5],
[139.39992, 205, 5],
[139.39992, 245, 5],
[139.39992, 245, 5],
[139.39992, 245, 5],
[139.43448, 155, 5],
[139.43448, 215, 5],
[139.43448, 255, 5],
[139.43448, 255, 5],
[139.43448, 255, 5],
[139.46004, 135, 5],
[139.46004, 205, 5],
[139.46004, 265, 5],
[139.46004, 265, 5],
[139.46004, 265, 5],
[139.47732, 135, 5],
[139.47732, 205, 5],
[139.47732, 265, 5],
[139.47732, 265, 5],
[139.47732, 265, 5],
[139.4946, 135, 5],
[139.4946, 205, 5],
[139.4946, 275, 5],
[139.4946, 275, 5],
[139.4946, 275, 5],
[139.6242, 185, 5],
[139.6242, 225, 5],
[139.6242, 275, 5],
[139.6242, 275, 5],
[139.6242, 275, 5],
[139.64148, 135, 5],
[139.70196, 135, 5],
[139.70196, 185, 5],
[139.70196, 225, 5],
[139.70196, 285, 5],
[139.70196, 285, 2],
[139.70196, 315, 1],
[139.71924, 135, 3],
[139.71924, 225, 3],
[139.71924, 275, 3],
[139.71924, 315, 3],
[139.71924, 315, 3],
[139.73652, 45, 10],
[139.73652, 110, 8],
[139.73652, 110, 8],
[139.73652, 110, 8],
[139.73652, 110, 8],
[139.8834, 135, 1],
[139.8834, 225, 1],
[139.8834, 275, 1],
[139.8834, 315, 1],
[139.8834, 365, 1],
[139.8834, 405, 1],
[140.00436, 135, 1],
[140.00436, 135, 1],
[140.00436, 135, 1],
[140.00436, 225, 1],
[140.00436, 225, 1],
[140.00436, 275, 1],
[140.00436, 315, 1],
[140.00436, 365, 1],
[140.00436, 385, 1],
[140.00436, 405, 1],
[140.03892, 135, 1],
[140.03892, 225, 1],
[140.03892, 315, 1],
[140.03892, 365, 1],
[140.03892, 415, 1],
[140.07348, 135, 1],
[140.07348, 225, 1],
[140.07348, 315, 1],
[140.07348, 365, 1],
[140.07348, 425, 1],
[140.12532, 135, 4],
[140.12532, 225, 1],
[140.12532, 315, 1],
[140.12532, 365, 1],
[140.12532, 405, 1],
[140.12532, 335, 2],
[140.12532, 335, 2],
[140.16852, 135, 3],
[140.16852, 225, 1],
[140.16852, 315, 1],
[140.16852, 365, 1],
[140.16852, 405, 1],
[140.17716, 135, 6],
[140.17716, 225, 1],
[140.17716, 315, 1],
[140.17716, 385, 1],
[140.17716, 315, 3],
[140.23764, 135, 2],
[140.23764, 225, 1],
[140.23764, 315, 1],
[140.23764, 365, 1],
[140.23764, 405, 1],
[140.23764, 425, 1],
[140.60916, 135, 1],
[140.60916, 135, 5],
[140.60916, 225, 3],
[140.60916, 315, 1],
[140.60916, 365, 1],
[140.60916, 315, 2],
[140.60916, 135, 5],
[140.76468, 120, 5],
[140.76468, 210, 5],
[140.76468, 300, 3],
[140.76468, 260, 5],
[141.07572, 135, 5],
[141.07572, 225, 3],
[141.07572, 315, 1],
[141.07572, 365, 1],
[141.07572, 225, 3],
[141.21396, 135, 3],
[141.21396, 135, 3],
[141.21396, 225, 3],
[141.21396, 275, 1],
[141.21396, 315, 1],
[141.21396, 315, 1],
[141.21396, 315, 1],
[141.21396, 315, 1],
[141.21396, 315, 1],
[141.25716, 135, 3],
[141.25716, 225, 2],
[141.25716, 275, 1],
[141.25716, 315, 1],
[141.25716, 365, 1],
[141.25716, 365, 1],
[141.25716, 385, 1],
[141.25716, 385, 1],
[141.29172, 135, 3],
[141.29172, 225, 1],
[141.29172, 315, 1],
[141.29172, 365, 1],
[141.29172, 390, 1],
[141.31764, 135, 3],
[141.31764, 225, 1],
[141.31764, 315, 1],
[141.31764, 365, 1],
[141.31764, 395, 1],
[141.34356, 135, 3],
[141.34356, 225, 1],
[141.34356, 315, 1],
[141.34356, 365, 1],
[141.34356, 405, 1],
[141.37812, 135, 3],
[141.37812, 225, 1],
[141.37812, 315, 1],
[141.37812, 365, 1],
[141.37812, 135, 1],
[141.3954, 135, 3],
[141.3954, 225, 1],
[141.3954, 315, 1],
[141.3954, 365, 1],
[141.3954, 405, 1],
[141.41268, 135, 3],
[141.41268, 225, 3],
[141.4386, 135, 3],
[141.4386, 225, 2],
[141.4386, 315, 1],
[141.4386, 365, 1],
[141.4386, 415, 1],
[141.47316, 135, 3],
[141.47316, 225, 1],
[141.47316, 315, 1],
[141.47316, 365, 1],
[141.47316, 425, 1],
[141.47316, 225, 5],
[141.49944, 135, 3],
[141.49944, 225, 1],
[141.49944, 315, 1],
[141.49944, 365, 1],
[141.49944, 405, 1],
[141.51672, 415, 1],
[141.55992, 135, 4],
[141.55992, 225, 1],
[141.55992, 225, 1],
[141.55992, 315, 1],
[141.55992, 365, 1],
[141.55992, 405, 1],
[141.55992, 135, 3],
[141.55992, 225, 1],
[141.55992, 315, 1],
[141.55992, 365, 1],
[141.55992, 405, 1],
[141.55992, 430, 1],
