[Date.UTC(2011,07,18),55, 0.3]
[Date.UTC(2011,07,18),35, 0.8]
[Date.UTC(2011,08,16),20, 2]
[Date.UTC(2011,09,26),40, 0.8]
[Date.UTC(2011,09,26),40, 0.6]
[Date.UTC(2011,09,27),40, 0.8]
[Date.UTC(2011,09,27),40, 6]
[Date.UTC(2011,10,03),40, 8]
[Date.UTC(2011,11,21),55, 2]
[Date.UTC(2011,11,21),50, 3]
[Date.UTC(2012,01,02),50, 2]
[Date.UTC(2012,01,02),30, 9]
[Date.UTC(2012,01,16),25, 25]
[Date.UTC(2012,02,29),50, 4]
[Date.UTC(2012,02,29),40, 4]
[Date.UTC(2012,02,29),30, 5]
[Date.UTC(2012,02,29),25, 5]
[Date.UTC(2012,02,29),20, 6]
[Date.UTC(2012,02,29),15, 6]
[Date.UTC(2012,02,29),10, 7]
[Date.UTC(2012,02,29),5, 15]
[Date.UTC(2012,05,30),25, 14]
[Date.UTC(2012,05,30),25, 9]
[Date.UTC(2012,05,30),25, 7]
[Date.UTC(2012,06,19),35, 12]
[Date.UTC(2012,06,19),35, 8]
[Date.UTC(2012,06,19),35, 5]
[Date.UTC(2012,06,26),40, 10]
[Date.UTC(2012,06,26),40, 8]
[Date.UTC(2012,06,26),40, 4]
[Date.UTC(2012,07,03),40, 10]
[Date.UTC(2012,07,03),40, 8]
[Date.UTC(2012,07,03),40, 2]
[Date.UTC(2012,07,10),40, 10]
[Date.UTC(2012,07,10),40, 7]
[Date.UTC(2012,07,10),40, 5]
[Date.UTC(2012,07,24),40, 10]
[Date.UTC(2012,07,24),40, 8]
[Date.UTC(2012,07,24),40, 7]
[Date.UTC(2012,07,31),45, 6]
[Date.UTC(2012,07,31),45, 5]
[Date.UTC(2012,07,31),45, 3]
[Date.UTC(2012,08,07),45, 10]
[Date.UTC(2012,08,07),45, 5]
[Date.UTC(2012,08,07),45, 3]
[Date.UTC(2012,08,14),45, 10]
[Date.UTC(2012,08,14),45, 7]
[Date.UTC(2012,08,14),45, 5]
[Date.UTC(2012,08,28),45, 8]
[Date.UTC(2012,08,28),45, 6]
[Date.UTC(2012,08,28),45, 5]
[Date.UTC(2012,09,04),45, 7]
[Date.UTC(2012,09,04),45, 6]
[Date.UTC(2012,09,04),45, 5]
[Date.UTC(2012,09,11),45, 7]
[Date.UTC(2012,09,11),45, 7]
[Date.UTC(2012,09,11),45, 6]
[Date.UTC(2012,09,25),45, 8]
[Date.UTC(2012,09,25),45, 7]
[Date.UTC(2012,09,25),45, 5]
[Date.UTC(2012,10,30),35, 11]
[Date.UTC(2012,10,30),35, 7]
[Date.UTC(2012,10,30),35, 5]
[Date.UTC(2012,11,06),35, 11]
[Date.UTC(2012,11,06),35, 9]
[Date.UTC(2012,11,06),35, 7]
[Date.UTC(2012,11,13),40, 10]
[Date.UTC(2012,11,13),40, 5]
[Date.UTC(2012,11,13),40, 5]
[Date.UTC(2012,11,19),40, 10]
[Date.UTC(2012,11,19),40, 6]
[Date.UTC(2012,11,19),40, 6]
[Date.UTC(2012,11,27),40, 10]
[Date.UTC(2012,11,27),40, 8]
[Date.UTC(2012,11,27),40, 7]
[Date.UTC(2012,11,30),45, 9]
[Date.UTC(2012,12,04),45, 8]
[Date.UTC(2012,12,04),45, 6]
[Date.UTC(2012,12,04),45, 4]
[Date.UTC(2012,12,11),45, 10]
[Date.UTC(2012,12,11),45, 8]
[Date.UTC(2012,12,11),45, 6]
[Date.UTC(2012,12,19),45, 5]
[Date.UTC(2012,12,20),45, 5]
[Date.UTC(2013,01,02),45, 7]
[Date.UTC(2013,01,02),45, 5]
[Date.UTC(2013,01,02),45, 4]
[Date.UTC(2013,01,08),45, 10]
[Date.UTC(2013,01,08),45, 8]
[Date.UTC(2013,01,08),45, 7]
[Date.UTC(2013,01,22),50, 6]
[Date.UTC(2013,01,22),50, 6]
[Date.UTC(2013,01,22),50, 5]
[Date.UTC(2013,03,26),35, 8]
[Date.UTC(2013,03,26),35, 8]
[Date.UTC(2013,03,26),35, 7]
[Date.UTC(2013,04,02),35, 11]
[Date.UTC(2013,04,02),35, 10]
[Date.UTC(2013,04,02),35, 9]
[Date.UTC(2013,04,09),40, 10]
[Date.UTC(2013,04,09),40, 1]
[Date.UTC(2013,04,23),25, 10]
[Date.UTC(2013,04,23),25, 10]
[Date.UTC(2013,04,23),25, 10]
[Date.UTC(2013,05,28),35, 13]
[Date.UTC(2013,05,28),35, 10]
[Date.UTC(2013,05,28),35, 10]
[Date.UTC(2013,06,19),35, 10]
[Date.UTC(2013,12,05),40, 10]
[Date.UTC(2013,12,05),40, 10]
[Date.UTC(2013,12,11),40, 10]
[Date.UTC(2013,12,11),40, 8]
[Date.UTC(2013,12,11),40, 6]
[Date.UTC(2013,12,12),40, 10]
[Date.UTC(2013,12,12),40, 8]
[Date.UTC(2013,12,12),40, 6]
[Date.UTC(2014,01,24),40, 8]
[Date.UTC(2014,01,24),40, 8]
[Date.UTC(2014,01,24),40, 5]
[Date.UTC(2014,02,28),35, 8]
[Date.UTC(2014,02,28),35, 8]
[Date.UTC(2014,02,28),35, 8]
[Date.UTC(2014,03,09),5, 8]
[Date.UTC(2014,03,09),5, 8]
[Date.UTC(2014,03,09),5, 8]
[Date.UTC(2014,03,14),5, 8]
[Date.UTC(2014,03,14),5, 8]
[Date.UTC(2014,03,14),5, 8]
[Date.UTC(2014,04,09),5, 8]
[Date.UTC(2014,04,09),5, 8]
[Date.UTC(2014,04,09),5, 8]
[Date.UTC(2014,05,27),45, 8]
[Date.UTC(2014,05,27),45, 8]
[Date.UTC(2014,07,24),40, 10]
[Date.UTC(2014,07,24),40, 8]
[Date.UTC(2014,07,24),40, 7]
[Date.UTC(2014,10,05),5, 12]
[Date.UTC(2014,10,06),5, 12]
[Date.UTC(2014,10,22),40, 8]
[Date.UTC(2014,10,22),40, 8]
[Date.UTC(2014,10,22),40, 6]
[Date.UTC(2014,11,09),30, 10]
[Date.UTC(2014,11,09),30, 10]
[Date.UTC(2014,11,09),30, 10]
